dual rank is 23 
3.624 1.715 1.733 1.909 1.891 0.0 0.0 0.0 0.0 0.0 0.0 0.0 0.0 0.0 0.0 0.0 0.0 0.0 0.855 0.86 0.0 0.0 1.036 0.873 0.0 0.0 0.0 0.0 0.0 0.0 0.0 0.0 
1.715 6.161 1.684 0.0 2.821 2.819 2.747 1.627 0.0 0.0 0.0 0.0 0.0 0.0 0.853 0.803 0.0 0.876 0.855 0.86 0.823 0.0 0.0 0.0 0.0 0.0 0.0 0.0 0.0 0.0 0.0 0.0 
1.733 1.684 4.253 1.711 0.0 0.0 0.0 1.682 1.696 0.0 0.0 0.0 0.0 0.0 0.0 0.0 0.0 0.0 0.0 0.86 0.823 0.858 0.0 0.873 0.838 0.0 0.0 0.0 0.0 0.0 0.0 0.0 
1.909 0.0 1.711 8.128 1.939 0.0 0.0 0.0 3.54 2.571 3.655 2.811 0.0 0.0 0.0 0.0 0.0 0.0 0.0 0.0 0.0 0.0 1.036 0.873 0.838 0.823 0.0 0.0 0.865 0.0 0.912 0.903 
1.891 2.821 0.0 1.939 6.586 2.874 2.917 0.0 0.0 0.0 0.0 1.822 0.919 0.907 0.0 0.0 0.0 0.876 0.855 0.0 0.0 0.0 1.036 0.0 0.0 0.0 0.0 0.0 0.0 0.0 0.0 0.903 
0.0 2.819 0.0 0.0 2.874 3.727 2.851 0.0 0.0 0.0 0.0 0.0 0.0 0.907 0.853 0.0 0.0 0.876 0.0 0.0 0.0 0.0 0.0 0.0 0.0 0.0 0.0 0.0 0.0 0.0 0.0 0.0 
0.0 2.747 0.0 0.0 2.917 2.851 5.478 1.708 0.0 0.0 0.0 1.824 0.919 0.907 0.853 0.803 0.905 0.0 0.0 0.0 0.0 0.0 0.0 0.0 0.0 0.0 0.0 0.0 0.0 0.0 0.0 0.0 
0.0 1.627 1.682 0.0 0.0 0.0 1.708 4.316 1.784 0.0 0.0 1.831 0.0 0.0 0.0 0.803 0.905 0.0 0.0 0.0 0.823 0.858 0.0 0.0 0.0 0.0 0.0 0.926 0.0 0.0 0.0 0.0 
0.0 0.0 1.696 3.54 0.0 0.0 0.0 1.784 7.097 2.565 3.652 2.836 0.0 0.0 0.0 0.0 0.0 0.0 0.0 0.0 0.0 0.858 0.0 0.0 0.838 0.823 0.859 0.926 0.0 0.914 0.0 0.0 
0.0 0.0 0.0 2.571 0.0 0.0 0.0 0.0 2.565 3.43 2.606 0.0 0.0 0.0 0.0 0.0 0.0 0.0 0.0 0.0 0.0 0.0 0.0 0.0 0.0 0.823 0.859 0.0 0.865 0.0 0.0 0.0 
0.0 0.0 0.0 3.655 0.0 0.0 0.0 0.0 3.652 2.606 5.428 2.822 0.0 0.0 0.0 0.0 0.0 0.0 0.0 0.0 0.0 0.0 0.0 0.0 0.0 0.0 0.859 0.0 0.865 0.914 0.912 0.0 
0.0 0.0 0.0 2.811 1.822 0.0 1.824 1.831 2.836 0.0 2.822 6.475 0.919 0.0 0.0 0.0 0.905 0.0 0.0 0.0 0.0 0.0 0.0 0.0 0.0 0.0 0.0 0.926 0.0 0.914 0.912 0.903 
0.0 0.0 0.0 0.0 0.919 0.0 0.919 0.0 0.0 0.0 0.0 0.919 0.919 0.0 0.0 0.0 0.0 0.0 0.0 0.0 0.0 0.0 0.0 0.0 0.0 0.0 0.0 0.0 0.0 0.0 0.0 0.0 
0.0 0.0 0.0 0.0 0.907 0.907 0.907 0.0 0.0 0.0 0.0 0.0 0.0 0.907 0.0 0.0 0.0 0.0 0.0 0.0 0.0 0.0 0.0 0.0 0.0 0.0 0.0 0.0 0.0 0.0 0.0 0.0 
0.0 0.853 0.0 0.0 0.0 0.853 0.853 0.0 0.0 0.0 0.0 0.0 0.0 0.0 0.853 0.0 0.0 0.0 0.0 0.0 0.0 0.0 0.0 0.0 0.0 0.0 0.0 0.0 0.0 0.0 0.0 0.0 
0.0 0.803 0.0 0.0 0.0 0.0 0.803 0.803 0.0 0.0 0.0 0.0 0.0 0.0 0.0 0.803 0.0 0.0 0.0 0.0 0.0 0.0 0.0 0.0 0.0 0.0 0.0 0.0 0.0 0.0 0.0 0.0 
0.0 0.0 0.0 0.0 0.0 0.0 0.905 0.905 0.0 0.0 0.0 0.905 0.0 0.0 0.0 0.0 0.905 0.0 0.0 0.0 0.0 0.0 0.0 0.0 0.0 0.0 0.0 0.0 0.0 0.0 0.0 0.0 
0.0 0.876 0.0 0.0 0.876 0.876 0.0 0.0 0.0 0.0 0.0 0.0 0.0 0.0 0.0 0.0 0.0 0.876 0.0 0.0 0.0 0.0 0.0 0.0 0.0 0.0 0.0 0.0 0.0 0.0 0.0 0.0 
0.855 0.855 0.0 0.0 0.855 0.0 0.0 0.0 0.0 0.0 0.0 0.0 0.0 0.0 0.0 0.0 0.0 0.0 0.855 0.0 0.0 0.0 0.0 0.0 0.0 0.0 0.0 0.0 0.0 0.0 0.0 0.0 
0.86 0.86 0.86 0.0 0.0 0.0 0.0 0.0 0.0 0.0 0.0 0.0 0.0 0.0 0.0 0.0 0.0 0.0 0.0 0.86 0.0 0.0 0.0 0.0 0.0 0.0 0.0 0.0 0.0 0.0 0.0 0.0 
0.0 0.823 0.823 0.0 0.0 0.0 0.0 0.823 0.0 0.0 0.0 0.0 0.0 0.0 0.0 0.0 0.0 0.0 0.0 0.0 0.823 0.0 0.0 0.0 0.0 0.0 0.0 0.0 0.0 0.0 0.0 0.0 
0.0 0.0 0.858 0.0 0.0 0.0 0.0 0.858 0.858 0.0 0.0 0.0 0.0 0.0 0.0 0.0 0.0 0.0 0.0 0.0 0.0 0.858 0.0 0.0 0.0 0.0 0.0 0.0 0.0 0.0 0.0 0.0 
1.036 0.0 0.0 1.036 1.036 0.0 0.0 0.0 0.0 0.0 0.0 0.0 0.0 0.0 0.0 0.0 0.0 0.0 0.0 0.0 0.0 0.0 1.036 0.0 0.0 0.0 0.0 0.0 0.0 0.0 0.0 0.0 
0.873 0.0 0.873 0.873 0.0 0.0 0.0 0.0 0.0 0.0 0.0 0.0 0.0 0.0 0.0 0.0 0.0 0.0 0.0 0.0 0.0 0.0 0.0 0.873 0.0 0.0 0.0 0.0 0.0 0.0 0.0 0.0 
0.0 0.0 0.838 0.838 0.0 0.0 0.0 0.0 0.838 0.0 0.0 0.0 0.0 0.0 0.0 0.0 0.0 0.0 0.0 0.0 0.0 0.0 0.0 0.0 0.838 0.0 0.0 0.0 0.0 0.0 0.0 0.0 
0.0 0.0 0.0 0.823 0.0 0.0 0.0 0.0 0.823 0.823 0.0 0.0 0.0 0.0 0.0 0.0 0.0 0.0 0.0 0.0 0.0 0.0 0.0 0.0 0.0 0.823 0.0 0.0 0.0 0.0 0.0 0.0 
0.0 0.0 0.0 0.0 0.0 0.0 0.0 0.0 0.859 0.859 0.859 0.0 0.0 0.0 0.0 0.0 0.0 0.0 0.0 0.0 0.0 0.0 0.0 0.0 0.0 0.0 0.859 0.0 0.0 0.0 0.0 0.0 
0.0 0.0 0.0 0.0 0.0 0.0 0.0 0.926 0.926 0.0 0.0 0.926 0.0 0.0 0.0 0.0 0.0 0.0 0.0 0.0 0.0 0.0 0.0 0.0 0.0 0.0 0.0 0.926 0.0 0.0 0.0 0.0 
0.0 0.0 0.0 0.865 0.0 0.0 0.0 0.0 0.0 0.865 0.865 0.0 0.0 0.0 0.0 0.0 0.0 0.0 0.0 0.0 0.0 0.0 0.0 0.0 0.0 0.0 0.0 0.0 0.865 0.0 0.0 0.0 
0.0 0.0 0.0 0.0 0.0 0.0 0.0 0.0 0.914 0.0 0.914 0.914 0.0 0.0 0.0 0.0 0.0 0.0 0.0 0.0 0.0 0.0 0.0 0.0 0.0 0.0 0.0 0.0 0.0 0.914 0.0 0.0 
0.0 0.0 0.0 0.912 0.0 0.0 0.0 0.0 0.0 0.0 0.912 0.912 0.0 0.0 0.0 0.0 0.0 0.0 0.0 0.0 0.0 0.0 0.0 0.0 0.0 0.0 0.0 0.0 0.0 0.0 0.912 0.0 
0.0 0.0 0.0 0.903 0.903 0.0 0.0 0.0 0.0 0.0 0.0 0.903 0.0 0.0 0.0 0.0 0.0 0.0 0.0 0.0 0.0 0.0 0.0 0.0 0.0 0.0 0.0 0.0 0.0 0.0 0.0 0.903 
primal rank is 9 
1.0 -0.333 -0.333 -0.333 -0.333 0.39 0.276 0.065 0.285 0.025 0.024 0.025 0.032 -0.333 -0.333 -0.008 -0.367 0.276 -0.333 -0.333 0.601 -0.017 -0.333 -0.333 0.382 0.024 -0.333 -0.375 0.285 -0.333 0.285 0.642 
-0.333 1.0 -0.333 0.316 -0.333 -0.333 -0.333 -0.333 0.079 0.268 -0.663 0.268 0.399 1.0 -0.333 -0.333 0.399 -0.333 -0.333 -0.333 -0.333 0.588 0.351 0.351 -0.062 -0.663 0.316 -0.013 0.079 0.316 0.079 -0.25 
-0.333 -0.333 1.0 -0.333 0.25 0.046 0.038 -0.333 -0.333 0.306 0.361 0.306 -0.594 -0.333 0.25 0.629 -0.01 0.038 0.417 -0.333 -0.333 -0.333 0.417 -0.333 -0.333 0.361 -0.333 0.361 -0.333 -0.333 -0.333 -0.223 
-0.333 0.316 -0.333 1.0 -0.333 -0.045 0.063 0.238 -0.333 -0.333 -0.333 -0.333 0.604 0.316 -0.333 -0.617 0.033 0.063 0.351 0.351 -0.221 0.429 -0.333 -0.333 -0.333 -0.333 1.0 0.429 -0.333 1.0 -0.333 -0.333 
-0.333 -0.333 0.25 -0.333 1.0 -0.333 -0.333 0.272 0.096 -0.333 0.571 -0.333 -0.333 -0.333 1.0 0.394 0.394 -0.333 -0.333 0.417 -0.189 -0.619 -0.333 0.417 -0.013 0.571 -0.333 -0.035 0.096 -0.333 0.096 -0.333 
0.39 -0.333 0.046 -0.045 -0.333 1.0 -0.333 0.394 -0.493 0.399 0.139 0.399 0.268 -0.333 -0.333 0.272 -0.46 -0.333 0.276 -0.103 -0.107 0.053 -0.012 -0.391 0.492 0.139 -0.045 -0.301 -0.493 -0.045 -0.493 -0.02 
0.276 -0.333 0.038 0.063 -0.333 -0.333 1.0 -0.333 0.317 -0.333 -0.047 -0.333 -0.333 -0.333 -0.333 -0.333 -0.333 1.0 0.39 0.019 0.629 -0.022 -0.006 -0.377 -0.418 -0.047 0.063 0.349 0.317 0.063 0.317 0.604 
0.065 -0.333 -0.333 0.238 0.272 0.394 -0.333 1.0 -0.333 -0.333 0.429 -0.333 0.394 -0.333 0.272 -0.333 -0.333 -0.333 -0.004 0.601 -0.333 -0.333 -0.576 0.03 0.429 0.429 0.238 -0.333 -0.333 0.238 -0.333 -0.177 
0.285 0.079 -0.333 -0.333 0.096 -0.493 0.317 -0.333 1.0 -0.333 -0.333 -0.333 -0.08 0.079 0.096 -0.063 0.349 0.317 -0.46 -0.03 0.588 -0.333 -0.047 0.382 -0.333 -0.333 -0.333 -0.333 1.0 -0.333 1.0 0.571 
0.025 0.268 0.306 -0.333 -0.333 0.399 -0.333 -0.333 -0.333 1.0 -0.333 1.0 -0.333 0.268 -0.333 0.399 -0.333 -0.333 0.041 -0.599 -0.24 0.361 0.642 0.002 0.361 -0.333 -0.333 -0.333 -0.333 -0.333 -0.333 -0.333 
0.024 -0.663 0.361 -0.333 0.571 0.139 -0.047 0.429 -0.333 -0.333 1.0 -0.333 -0.19 -0.663 0.571 0.281 -0.049 -0.047 0.068 0.278 -0.127 -0.456 -0.261 -0.051 0.306 1.0 -0.333 0.238 -0.333 -0.333 -0.333 0.096 
0.025 0.268 0.306 -0.333 -0.333 0.399 -0.333 -0.333 -0.333 1.0 -0.333 1.0 -0.333 0.268 -0.333 0.399 -0.333 -0.333 0.041 -0.599 -0.24 0.361 0.642 0.002 0.361 -0.333 -0.333 -0.333 -0.333 -0.333 -0.333 -0.333 
0.032 0.399 -0.594 0.604 -0.333 0.268 -0.333 0.394 -0.08 -0.333 -0.19 -0.333 1.0 0.399 -0.333 -0.46 0.272 -0.333 -0.098 0.162 -0.2 0.28 -0.303 -0.042 0.07 -0.19 0.604 0.019 -0.08 0.604 -0.08 0.063 
-0.333 1.0 -0.333 0.316 -0.333 -0.333 -0.333 -0.333 0.079 0.268 -0.663 0.268 0.399 1.0 -0.333 -0.333 0.399 -0.333 -0.333 -0.333 -0.333 0.588 0.351 0.351 -0.062 -0.663 0.316 -0.013 0.079 0.316 0.079 -0.25 
-0.333 -0.333 0.25 -0.333 1.0 -0.333 -0.333 0.272 0.096 -0.333 0.571 -0.333 -0.333 -0.333 1.0 0.394 0.394 -0.333 -0.333 0.417 -0.189 -0.619 -0.333 0.417 -0.013 0.571 -0.333 -0.035 0.096 -0.333 0.096 -0.333 
-0.008 -0.333 0.629 -0.617 0.394 0.272 -0.333 -0.333 -0.063 0.399 0.281 0.399 -0.46 -0.333 0.394 1.0 0.268 -0.333 -0.052 -0.287 0.038 -0.233 0.231 -0.004 0.051 0.281 -0.617 -0.003 -0.063 -0.617 -0.063 -0.177 
-0.367 0.399 -0.01 0.033 0.394 -0.46 -0.333 -0.333 0.349 -0.333 -0.049 -0.333 0.272 0.399 0.394 0.268 1.0 -0.333 -0.427 -0.022 -0.056 -0.006 -0.06 0.344 -0.372 -0.049 0.033 0.317 0.349 0.033 0.349 -0.094 
0.276 -0.333 0.038 0.063 -0.333 -0.333 1.0 -0.333 0.317 -0.333 -0.047 -0.333 -0.333 -0.333 -0.333 -0.333 -0.333 1.0 0.39 0.019 0.629 -0.022 -0.006 -0.377 -0.418 -0.047 0.063 0.349 0.317 0.063 0.317 0.604 
-0.333 -0.333 0.417 0.351 -0.333 0.276 0.39 -0.004 -0.46 0.041 0.068 0.041 -0.098 -0.333 -0.333 -0.052 -0.427 0.39 1.0 0.25 -0.079 0.048 0.316 -0.434 -0.308 0.068 0.351 0.423 -0.46 0.351 -0.46 -0.058 
-0.333 -0.333 -0.333 0.351 0.417 -0.103 0.019 0.601 -0.03 -0.599 0.278 -0.599 0.162 -0.333 0.417 -0.287 -0.022 0.019 0.25 1.0 0.065 -0.238 -0.434 0.316 0.013 0.278 0.351 0.028 -0.03 0.351 -0.03 -0.169 
0.601 -0.333 -0.333 -0.221 -0.189 -0.107 0.629 -0.333 0.588 -0.24 -0.127 -0.24 -0.2 -0.333 -0.189 0.038 -0.056 0.629 -0.079 0.065 1.0 0.079 -0.192 -0.047 -0.034 -0.127 -0.221 -0.014 0.588 -0.221 0.588 0.65 
-0.017 0.588 -0.333 0.429 -0.619 0.053 -0.022 -0.333 -0.333 0.361 -0.456 0.361 0.28 0.588 -0.619 -0.233 -0.006 -0.022 0.048 -0.238 0.079 1.0 0.206 -0.079 0.238 -0.456 0.429 0.306 -0.333 0.429 -0.333 -0.171 
-0.333 0.351 0.417 -0.333 -0.333 -0.012 -0.006 -0.576 -0.047 0.642 -0.261 0.642 -0.303 0.351 -0.333 0.231 -0.06 -0.006 0.316 -0.434 -0.192 0.206 1.0 0.25 -0.036 -0.261 -0.333 -0.019 -0.047 -0.333 -0.047 0.025 
-0.333 0.351 -0.333 -0.333 0.417 -0.391 -0.377 0.03 0.382 0.002 -0.051 0.002 -0.042 0.351 0.417 -0.004 0.344 -0.377 -0.434 0.316 -0.047 -0.079 0.25 1.0 0.285 -0.051 -0.333 -0.415 0.382 -0.333 0.382 -0.086 
0.382 -0.062 -0.333 -0.333 -0.013 0.492 -0.418 0.429 -0.333 0.361 0.306 0.361 0.07 -0.062 -0.013 0.051 -0.372 -0.418 -0.308 0.013 -0.034 0.238 -0.036 0.285 1.0 0.306 -0.333 -0.456 -0.333 -0.333 -0.333 -0.015 
0.024 -0.663 0.361 -0.333 0.571 0.139 -0.047 0.429 -0.333 -0.333 1.0 -0.333 -0.19 -0.663 0.571 0.281 -0.049 -0.047 0.068 0.278 -0.127 -0.456 -0.261 -0.051 0.306 1.0 -0.333 0.238 -0.333 -0.333 -0.333 0.096 
-0.333 0.316 -0.333 1.0 -0.333 -0.045 0.063 0.238 -0.333 -0.333 -0.333 -0.333 0.604 0.316 -0.333 -0.617 0.033 0.063 0.351 0.351 -0.221 0.429 -0.333 -0.333 -0.333 -0.333 1.0 0.429 -0.333 1.0 -0.333 -0.333 
-0.375 -0.013 0.361 0.429 -0.035 -0.301 0.349 -0.333 -0.333 -0.333 0.238 -0.333 0.019 -0.013 -0.035 -0.003 0.317 0.349 0.423 0.028 -0.014 0.306 -0.019 -0.415 -0.456 0.238 0.429 1.0 -0.333 0.429 -0.333 -0.06 
0.285 0.079 -0.333 -0.333 0.096 -0.493 0.317 -0.333 1.0 -0.333 -0.333 -0.333 -0.08 0.079 0.096 -0.063 0.349 0.317 -0.46 -0.03 0.588 -0.333 -0.047 0.382 -0.333 -0.333 -0.333 -0.333 1.0 -0.333 1.0 0.571 
-0.333 0.316 -0.333 1.0 -0.333 -0.045 0.063 0.238 -0.333 -0.333 -0.333 -0.333 0.604 0.316 -0.333 -0.617 0.033 0.063 0.351 0.351 -0.221 0.429 -0.333 -0.333 -0.333 -0.333 1.0 0.429 -0.333 1.0 -0.333 -0.333 
0.285 0.079 -0.333 -0.333 0.096 -0.493 0.317 -0.333 1.0 -0.333 -0.333 -0.333 -0.08 0.079 0.096 -0.063 0.349 0.317 -0.46 -0.03 0.588 -0.333 -0.047 0.382 -0.333 -0.333 -0.333 -0.333 1.0 -0.333 1.0 0.571 
0.642 -0.25 -0.223 -0.333 -0.333 -0.02 0.604 -0.177 0.571 -0.333 0.096 -0.333 0.063 -0.25 -0.333 -0.177 -0.094 0.604 -0.058 -0.169 0.65 -0.171 0.025 -0.086 -0.015 0.096 -0.333 -0.06 0.571 -0.333 0.571 1.0 
dual rank is 30 
3.851 1.907 1.927 1.944 1.946 0.0 0.0 0.0 0.0 0.0 0.0 0.0 0.0 0.0 0.0 0.0 0.0 0.0 0.948 0.947 0.0 0.0 0.976 0.959 0.0 0.0 0.0 0.0 0.0 0.0 0.0 0.0 
1.907 7.79 1.99 0.0 2.784 2.878 3.022 2.062 0.0 0.0 0.0 0.0 0.0 0.0 0.997 0.974 0.0 0.943 0.948 0.947 0.918 0.0 0.0 0.0 0.0 0.0 0.0 0.0 0.0 0.0 0.0 0.0 
1.927 1.99 4.913 1.894 0.0 0.0 0.0 2.025 2.067 0.0 0.0 0.0 0.0 0.0 0.0 0.0 0.0 0.0 0.0 0.947 0.918 1.028 0.0 0.959 0.982 0.0 0.0 0.0 0.0 0.0 0.0 0.0 
1.944 0.0 1.894 9.911 2.066 0.0 0.0 0.0 4.088 2.907 3.921 3.134 0.0 0.0 0.0 0.0 0.0 0.0 0.0 0.0 0.0 0.0 0.976 0.959 0.982 0.984 0.0 0.0 0.941 0.0 0.973 0.965 
1.946 2.784 0.0 2.066 6.793 2.817 2.938 0.0 0.0 0.0 0.0 2.052 1.008 0.935 0.0 0.0 0.0 0.943 0.948 0.0 0.0 0.0 0.976 0.0 0.0 0.0 0.0 0.0 0.0 0.0 0.0 0.965 
0.0 2.878 0.0 0.0 2.817 3.814 2.87 0.0 0.0 0.0 0.0 0.0 0.0 0.935 0.997 0.0 0.0 0.943 0.0 0.0 0.0 0.0 0.0 0.0 0.0 0.0 0.0 0.0 0.0 0.0 0.0 0.0 
0.0 3.022 0.0 0.0 2.938 2.87 5.976 2.041 0.0 0.0 0.0 2.132 1.008 0.935 0.997 0.974 1.011 0.0 0.0 0.0 0.0 0.0 0.0 0.0 0.0 0.0 0.0 0.0 0.0 0.0 0.0 0.0 
0.0 2.062 2.025 0.0 0.0 0.0 2.041 5.089 2.13 0.0 0.0 2.09 0.0 0.0 0.0 0.974 1.011 0.0 0.0 0.0 0.918 1.028 0.0 0.0 0.0 0.0 0.0 0.988 0.0 0.0 0.0 0.0 
0.0 0.0 2.067 4.088 0.0 0.0 0.0 2.13 8.152 2.993 4.055 3.092 0.0 0.0 0.0 0.0 0.0 0.0 0.0 0.0 0.0 1.028 0.0 0.0 0.982 0.984 1.027 0.988 0.0 1.021 0.0 0.0 
0.0 0.0 0.0 2.907 0.0 0.0 0.0 0.0 2.993 3.934 2.949 0.0 0.0 0.0 0.0 0.0 0.0 0.0 0.0 0.0 0.0 0.0 0.0 0.0 0.0 0.984 1.027 0.0 0.941 0.0 0.0 0.0 
0.0 0.0 0.0 3.921 0.0 0.0 0.0 0.0 4.055 2.949 5.969 3.019 0.0 0.0 0.0 0.0 0.0 0.0 0.0 0.0 0.0 0.0 0.0 0.0 0.0 0.0 1.027 0.0 0.941 1.021 0.973 0.0 
0.0 0.0 0.0 3.134 2.052 0.0 2.132 2.09 3.092 0.0 3.019 7.162 1.008 0.0 0.0 0.0 1.011 0.0 0.0 0.0 0.0 0.0 0.0 0.0 0.0 0.0 0.0 0.988 0.0 1.021 0.973 0.965 
0.0 0.0 0.0 0.0 1.008 0.0 1.008 0.0 0.0 0.0 0.0 1.008 1.008 0.0 0.0 0.0 0.0 0.0 0.0 0.0 0.0 0.0 0.0 0.0 0.0 0.0 0.0 0.0 0.0 0.0 0.0 0.0 
0.0 0.0 0.0 0.0 0.935 0.935 0.935 0.0 0.0 0.0 0.0 0.0 0.0 2.935 0.0 0.0 0.0 0.0 0.0 0.0 0.0 0.0 0.0 0.0 0.0 0.0 0.0 0.0 0.0 0.0 0.0 0.0 
0.0 0.997 0.0 0.0 0.0 0.997 0.997 0.0 0.0 0.0 0.0 0.0 0.0 0.0 0.997 0.0 0.0 0.0 0.0 0.0 0.0 0.0 0.0 0.0 0.0 0.0 0.0 0.0 0.0 0.0 0.0 0.0 
0.0 0.974 0.0 0.0 0.0 0.0 0.974 0.974 0.0 0.0 0.0 0.0 0.0 0.0 0.0 0.974 0.0 0.0 0.0 0.0 0.0 0.0 0.0 0.0 0.0 0.0 0.0 0.0 0.0 0.0 0.0 0.0 
0.0 0.0 0.0 0.0 0.0 0.0 1.011 1.011 0.0 0.0 0.0 1.011 0.0 0.0 0.0 0.0 1.011 0.0 0.0 0.0 0.0 0.0 0.0 0.0 0.0 0.0 0.0 0.0 0.0 0.0 0.0 0.0 
0.0 0.943 0.0 0.0 0.943 0.943 0.0 0.0 0.0 0.0 0.0 0.0 0.0 0.0 0.0 0.0 0.0 0.943 0.0 0.0 0.0 0.0 0.0 0.0 0.0 0.0 0.0 0.0 0.0 0.0 0.0 0.0 
0.948 0.948 0.0 0.0 0.948 0.0 0.0 0.0 0.0 0.0 0.0 0.0 0.0 0.0 0.0 0.0 0.0 0.0 0.948 0.0 0.0 0.0 0.0 0.0 0.0 0.0 0.0 0.0 0.0 0.0 0.0 0.0 
0.947 0.947 0.947 0.0 0.0 0.0 0.0 0.0 0.0 0.0 0.0 0.0 0.0 0.0 0.0 0.0 0.0 0.0 0.0 0.947 0.0 0.0 0.0 0.0 0.0 0.0 0.0 0.0 0.0 0.0 0.0 0.0 
0.0 0.918 0.918 0.0 0.0 0.0 0.0 0.918 0.0 0.0 0.0 0.0 0.0 0.0 0.0 0.0 0.0 0.0 0.0 0.0 0.918 0.0 0.0 0.0 0.0 0.0 0.0 0.0 0.0 0.0 0.0 0.0 
0.0 0.0 1.028 0.0 0.0 0.0 0.0 1.028 1.028 0.0 0.0 0.0 0.0 0.0 0.0 0.0 0.0 0.0 0.0 0.0 0.0 1.028 0.0 0.0 0.0 0.0 0.0 0.0 0.0 0.0 0.0 0.0 
0.976 0.0 0.0 0.976 0.976 0.0 0.0 0.0 0.0 0.0 0.0 0.0 0.0 0.0 0.0 0.0 0.0 0.0 0.0 0.0 0.0 0.0 0.976 0.0 0.0 0.0 0.0 0.0 0.0 0.0 0.0 0.0 
0.959 0.0 0.959 0.959 0.0 0.0 0.0 0.0 0.0 0.0 0.0 0.0 0.0 0.0 0.0 0.0 0.0 0.0 0.0 0.0 0.0 0.0 0.0 0.959 0.0 0.0 0.0 0.0 0.0 0.0 0.0 0.0 
0.0 0.0 0.982 0.982 0.0 0.0 0.0 0.0 0.982 0.0 0.0 0.0 0.0 0.0 0.0 0.0 0.0 0.0 0.0 0.0 0.0 0.0 0.0 0.0 0.982 0.0 0.0 0.0 0.0 0.0 0.0 0.0 
0.0 0.0 0.0 0.984 0.0 0.0 0.0 0.0 0.984 0.984 0.0 0.0 0.0 0.0 0.0 0.0 0.0 0.0 0.0 0.0 0.0 0.0 0.0 0.0 0.0 0.984 0.0 0.0 0.0 0.0 0.0 0.0 
0.0 0.0 0.0 0.0 0.0 0.0 0.0 0.0 1.027 1.027 1.027 0.0 0.0 0.0 0.0 0.0 0.0 0.0 0.0 0.0 0.0 0.0 0.0 0.0 0.0 0.0 1.027 0.0 0.0 0.0 0.0 0.0 
0.0 0.0 0.0 0.0 0.0 0.0 0.0 0.988 0.988 0.0 0.0 0.988 0.0 0.0 0.0 0.0 0.0 0.0 0.0 0.0 0.0 0.0 0.0 0.0 0.0 0.0 0.0 0.988 0.0 0.0 0.0 0.0 
0.0 0.0 0.0 0.941 0.0 0.0 0.0 0.0 0.0 0.941 0.941 0.0 0.0 0.0 0.0 0.0 0.0 0.0 0.0 0.0 0.0 0.0 0.0 0.0 0.0 0.0 0.0 0.0 0.941 0.0 0.0 0.0 
0.0 0.0 0.0 0.0 0.0 0.0 0.0 0.0 1.021 0.0 1.021 1.021 0.0 0.0 0.0 0.0 0.0 0.0 0.0 0.0 0.0 0.0 0.0 0.0 0.0 0.0 0.0 0.0 0.0 1.021 0.0 0.0 
0.0 0.0 0.0 0.973 0.0 0.0 0.0 0.0 0.0 0.0 0.973 0.973 0.0 0.0 0.0 0.0 0.0 0.0 0.0 0.0 0.0 0.0 0.0 0.0 0.0 0.0 0.0 0.0 0.0 0.0 0.973 0.0 
0.0 0.0 0.0 0.965 0.965 0.0 0.0 0.0 0.0 0.0 0.0 0.965 0.0 0.0 0.0 0.0 0.0 0.0 0.0 0.0 0.0 0.0 0.0 0.0 0.0 0.0 0.0 0.0 0.0 0.0 0.0 0.965 
primal rank is 3 
1.0 -0.333 -0.333 -0.333 -0.333 -0.333 1.0 -0.333 1.0 -0.333 -0.333 -0.333 -0.333 -0.333 -0.333 -0.333 -0.333 1.0 -0.333 -0.333 1.0 -0.333 -0.333 -0.333 -0.333 -0.333 -0.333 -0.333 1.0 -0.333 1.0 1.0 
-0.333 1.0 -0.333 1.0 -0.333 -0.333 -0.333 -0.333 -0.333 -0.333 -0.333 -0.333 1.0 1.0 -0.333 -0.333 1.0 -0.333 -0.333 -0.333 -0.333 1.0 -0.333 -0.333 -0.333 -0.333 1.0 1.0 -0.333 1.0 -0.333 -0.333 
-0.333 -0.333 1.0 -0.333 -0.333 1.0 -0.333 -0.333 -0.333 1.0 -0.333 1.0 -0.333 -0.333 -0.333 1.0 -0.333 -0.333 1.0 -0.333 -0.333 -0.333 1.0 -0.333 -0.333 -0.333 -0.333 -0.333 -0.333 -0.333 -0.333 -0.333 
-0.333 1.0 -0.333 1.0 -0.333 -0.333 -0.333 -0.333 -0.333 -0.333 -0.333 -0.333 1.0 1.0 -0.333 -0.333 1.0 -0.333 -0.333 -0.333 -0.333 1.0 -0.333 -0.333 -0.333 -0.333 1.0 1.0 -0.333 1.0 -0.333 -0.333 
-0.333 -0.333 -0.333 -0.333 1.0 -0.333 -0.333 1.0 -0.333 -0.333 1.0 -0.333 -0.333 -0.333 1.0 -0.333 -0.333 -0.333 -0.333 1.0 -0.333 -0.333 -0.333 1.0 1.0 1.0 -0.333 -0.333 -0.333 -0.333 -0.333 -0.333 
-0.333 -0.333 1.0 -0.333 -0.333 1.0 -0.333 -0.333 -0.333 1.0 -0.333 1.0 -0.333 -0.333 -0.333 1.0 -0.333 -0.333 1.0 -0.333 -0.333 -0.333 1.0 -0.333 -0.333 -0.333 -0.333 -0.333 -0.333 -0.333 -0.333 -0.333 
1.0 -0.333 -0.333 -0.333 -0.333 -0.333 1.0 -0.333 1.0 -0.333 -0.333 -0.333 -0.333 -0.333 -0.333 -0.333 -0.333 1.0 -0.333 -0.333 1.0 -0.333 -0.333 -0.333 -0.333 -0.333 -0.333 -0.333 1.0 -0.333 1.0 1.0 
-0.333 -0.333 -0.333 -0.333 1.0 -0.333 -0.333 1.0 -0.333 -0.333 1.0 -0.333 -0.333 -0.333 1.0 -0.333 -0.333 -0.333 -0.333 1.0 -0.333 -0.333 -0.333 1.0 1.0 1.0 -0.333 -0.333 -0.333 -0.333 -0.333 -0.333 
1.0 -0.333 -0.333 -0.333 -0.333 -0.333 1.0 -0.333 1.0 -0.333 -0.333 -0.333 -0.333 -0.333 -0.333 -0.333 -0.333 1.0 -0.333 -0.333 1.0 -0.333 -0.333 -0.333 -0.333 -0.333 -0.333 -0.333 1.0 -0.333 1.0 1.0 
-0.333 -0.333 1.0 -0.333 -0.333 1.0 -0.333 -0.333 -0.333 1.0 -0.333 1.0 -0.333 -0.333 -0.333 1.0 -0.333 -0.333 1.0 -0.333 -0.333 -0.333 1.0 -0.333 -0.333 -0.333 -0.333 -0.333 -0.333 -0.333 -0.333 -0.333 
-0.333 -0.333 -0.333 -0.333 1.0 -0.333 -0.333 1.0 -0.333 -0.333 1.0 -0.333 -0.333 -0.333 1.0 -0.333 -0.333 -0.333 -0.333 1.0 -0.333 -0.333 -0.333 1.0 1.0 1.0 -0.333 -0.333 -0.333 -0.333 -0.333 -0.333 
-0.333 -0.333 1.0 -0.333 -0.333 1.0 -0.333 -0.333 -0.333 1.0 -0.333 1.0 -0.333 -0.333 -0.333 1.0 -0.333 -0.333 1.0 -0.333 -0.333 -0.333 1.0 -0.333 -0.333 -0.333 -0.333 -0.333 -0.333 -0.333 -0.333 -0.333 
-0.333 1.0 -0.333 1.0 -0.333 -0.333 -0.333 -0.333 -0.333 -0.333 -0.333 -0.333 1.0 1.0 -0.333 -0.333 1.0 -0.333 -0.333 -0.333 -0.333 1.0 -0.333 -0.333 -0.333 -0.333 1.0 1.0 -0.333 1.0 -0.333 -0.333 
-0.333 1.0 -0.333 1.0 -0.333 -0.333 -0.333 -0.333 -0.333 -0.333 -0.333 -0.333 1.0 1.0 -0.333 -0.333 1.0 -0.333 -0.333 -0.333 -0.333 1.0 -0.333 -0.333 -0.333 -0.333 1.0 1.0 -0.333 1.0 -0.333 -0.333 
-0.333 -0.333 -0.333 -0.333 1.0 -0.333 -0.333 1.0 -0.333 -0.333 1.0 -0.333 -0.333 -0.333 1.0 -0.333 -0.333 -0.333 -0.333 1.0 -0.333 -0.333 -0.333 1.0 1.0 1.0 -0.333 -0.333 -0.333 -0.333 -0.333 -0.333 
-0.333 -0.333 1.0 -0.333 -0.333 1.0 -0.333 -0.333 -0.333 1.0 -0.333 1.0 -0.333 -0.333 -0.333 1.0 -0.333 -0.333 1.0 -0.333 -0.333 -0.333 1.0 -0.333 -0.333 -0.333 -0.333 -0.333 -0.333 -0.333 -0.333 -0.333 
-0.333 1.0 -0.333 1.0 -0.333 -0.333 -0.333 -0.333 -0.333 -0.333 -0.333 -0.333 1.0 1.0 -0.333 -0.333 1.0 -0.333 -0.333 -0.333 -0.333 1.0 -0.333 -0.333 -0.333 -0.333 1.0 1.0 -0.333 1.0 -0.333 -0.333 
1.0 -0.333 -0.333 -0.333 -0.333 -0.333 1.0 -0.333 1.0 -0.333 -0.333 -0.333 -0.333 -0.333 -0.333 -0.333 -0.333 1.0 -0.333 -0.333 1.0 -0.333 -0.333 -0.333 -0.333 -0.333 -0.333 -0.333 1.0 -0.333 1.0 1.0 
-0.333 -0.333 1.0 -0.333 -0.333 1.0 -0.333 -0.333 -0.333 1.0 -0.333 1.0 -0.333 -0.333 -0.333 1.0 -0.333 -0.333 1.0 -0.333 -0.333 -0.333 1.0 -0.333 -0.333 -0.333 -0.333 -0.333 -0.333 -0.333 -0.333 -0.333 
-0.333 -0.333 -0.333 -0.333 1.0 -0.333 -0.333 1.0 -0.333 -0.333 1.0 -0.333 -0.333 -0.333 1.0 -0.333 -0.333 -0.333 -0.333 1.0 -0.333 -0.333 -0.333 1.0 1.0 1.0 -0.333 -0.333 -0.333 -0.333 -0.333 -0.333 
1.0 -0.333 -0.333 -0.333 -0.333 -0.333 1.0 -0.333 1.0 -0.333 -0.333 -0.333 -0.333 -0.333 -0.333 -0.333 -0.333 1.0 -0.333 -0.333 1.0 -0.333 -0.333 -0.333 -0.333 -0.333 -0.333 -0.333 1.0 -0.333 1.0 1.0 
-0.333 1.0 -0.333 1.0 -0.333 -0.333 -0.333 -0.333 -0.333 -0.333 -0.333 -0.333 1.0 1.0 -0.333 -0.333 1.0 -0.333 -0.333 -0.333 -0.333 1.0 -0.333 -0.333 -0.333 -0.333 1.0 1.0 -0.333 1.0 -0.333 -0.333 
-0.333 -0.333 1.0 -0.333 -0.333 1.0 -0.333 -0.333 -0.333 1.0 -0.333 1.0 -0.333 -0.333 -0.333 1.0 -0.333 -0.333 1.0 -0.333 -0.333 -0.333 1.0 -0.333 -0.333 -0.333 -0.333 -0.333 -0.333 -0.333 -0.333 -0.333 
-0.333 -0.333 -0.333 -0.333 1.0 -0.333 -0.333 1.0 -0.333 -0.333 1.0 -0.333 -0.333 -0.333 1.0 -0.333 -0.333 -0.333 -0.333 1.0 -0.333 -0.333 -0.333 1.0 1.0 1.0 -0.333 -0.333 -0.333 -0.333 -0.333 -0.333 
-0.333 -0.333 -0.333 -0.333 1.0 -0.333 -0.333 1.0 -0.333 -0.333 1.0 -0.333 -0.333 -0.333 1.0 -0.333 -0.333 -0.333 -0.333 1.0 -0.333 -0.333 -0.333 1.0 1.0 1.0 -0.333 -0.333 -0.333 -0.333 -0.333 -0.333 
-0.333 -0.333 -0.333 -0.333 1.0 -0.333 -0.333 1.0 -0.333 -0.333 1.0 -0.333 -0.333 -0.333 1.0 -0.333 -0.333 -0.333 -0.333 1.0 -0.333 -0.333 -0.333 1.0 1.0 1.0 -0.333 -0.333 -0.333 -0.333 -0.333 -0.333 
-0.333 1.0 -0.333 1.0 -0.333 -0.333 -0.333 -0.333 -0.333 -0.333 -0.333 -0.333 1.0 1.0 -0.333 -0.333 1.0 -0.333 -0.333 -0.333 -0.333 1.0 -0.333 -0.333 -0.333 -0.333 1.0 1.0 -0.333 1.0 -0.333 -0.333 
-0.333 1.0 -0.333 1.0 -0.333 -0.333 -0.333 -0.333 -0.333 -0.333 -0.333 -0.333 1.0 1.0 -0.333 -0.333 1.0 -0.333 -0.333 -0.333 -0.333 1.0 -0.333 -0.333 -0.333 -0.333 1.0 1.0 -0.333 1.0 -0.333 -0.333 
1.0 -0.333 -0.333 -0.333 -0.333 -0.333 1.0 -0.333 1.0 -0.333 -0.333 -0.333 -0.333 -0.333 -0.333 -0.333 -0.333 1.0 -0.333 -0.333 1.0 -0.333 -0.333 -0.333 -0.333 -0.333 -0.333 -0.333 1.0 -0.333 1.0 1.0 
-0.333 1.0 -0.333 1.0 -0.333 -0.333 -0.333 -0.333 -0.333 -0.333 -0.333 -0.333 1.0 1.0 -0.333 -0.333 1.0 -0.333 -0.333 -0.333 -0.333 1.0 -0.333 -0.333 -0.333 -0.333 1.0 1.0 -0.333 1.0 -0.333 -0.333 
1.0 -0.333 -0.333 -0.333 -0.333 -0.333 1.0 -0.333 1.0 -0.333 -0.333 -0.333 -0.333 -0.333 -0.333 -0.333 -0.333 1.0 -0.333 -0.333 1.0 -0.333 -0.333 -0.333 -0.333 -0.333 -0.333 -0.333 1.0 -0.333 1.0 1.0 
1.0 -0.333 -0.333 -0.333 -0.333 -0.333 1.0 -0.333 1.0 -0.333 -0.333 -0.333 -0.333 -0.333 -0.333 -0.333 -0.333 1.0 -0.333 -0.333 1.0 -0.333 -0.333 -0.333 -0.333 -0.333 -0.333 -0.333 1.0 -0.333 1.0 1.0 
