dual rank is 5 
2.679 1.008 2.148 0.54 1.105 1.13 1.574 0.531 
1.008 1.008 0.477 0.0 0.0 0.0 1.008 0.531 
2.148 0.477 2.148 0.54 1.105 1.13 1.042 0.0 
0.54 0.0 0.54 0.54 0.54 0.0 0.0 0.0 
1.105 0.0 1.105 0.54 1.105 0.565 0.0 0.0 
1.13 0.0 1.13 0.0 0.565 1.13 0.565 0.0 
1.574 1.008 1.042 0.0 0.0 0.565 1.574 0.531 
0.531 0.531 0.0 0.0 0.0 0.0 0.531 0.531 
primal rank is 3 
1.0 -0.333 -0.333 -0.333 -0.333 -0.333 -0.333 -0.333 
-0.333 1.0 -0.333 1.0 -0.333 1.0 -0.333 -0.333 
-0.333 -0.333 1.0 -0.333 -0.333 -0.333 -0.333 1.0 
-0.333 1.0 -0.333 1.0 -0.333 1.0 -0.333 -0.333 
-0.333 -0.333 -0.333 -0.333 1.0 -0.333 1.0 -0.333 
-0.333 1.0 -0.333 1.0 -0.333 1.0 -0.333 -0.333 
-0.333 -0.333 -0.333 -0.333 1.0 -0.333 1.0 -0.333 
-0.333 -0.333 1.0 -0.333 -0.333 -0.333 -0.333 1.0 
dual rank is 5 
1.753 0.664 0.32 1.088 1.089 0.32 0.665 1.114 
0.664 0.664 0.32 0.664 0.0 0.0 0.0 0.344 
0.32 0.32 0.32 0.32 0.0 0.0 0.0 0.0 
1.088 0.664 0.32 1.088 0.425 0.0 0.0 0.769 
1.089 0.0 0.0 0.425 1.089 0.32 0.665 0.77 
0.32 0.0 0.0 0.0 0.32 0.32 0.32 0.0 
0.665 0.0 0.0 0.0 0.665 0.32 0.665 0.345 
1.114 0.344 0.0 0.769 0.77 0.0 0.345 1.114 
primal rank is 3 
1.0 -0.333 -0.333 -0.333 -0.333 -0.333 -0.333 -0.333 
-0.333 1.0 -0.333 -0.333 1.0 -0.333 -0.333 -0.333 
-0.333 -0.333 1.0 -0.333 -0.333 1.0 -0.333 1.0 
-0.333 -0.333 -0.333 1.0 -0.333 -0.333 1.0 -0.333 
-0.333 1.0 -0.333 -0.333 1.0 -0.333 -0.333 -0.333 
-0.333 -0.333 1.0 -0.333 -0.333 1.0 -0.333 1.0 
-0.333 -0.333 -0.333 1.0 -0.333 -0.333 1.0 -0.333 
-0.333 -0.333 1.0 -0.333 -0.333 1.0 -0.333 1.0 
dual rank is 5 
2.053 1.089 1.542 0.453 0.964 1.6 0.51 0.0 
1.089 1.542 0.578 0.0 0.0 1.542 0.964 0.453 
1.542 0.578 1.542 0.453 0.964 1.089 0.0 0.0 
0.453 0.0 0.453 0.453 0.453 0.0 0.0 0.0 
0.964 0.0 0.964 0.453 0.964 0.511 0.0 0.0 
1.6 1.542 1.089 0.0 0.511 2.053 0.964 0.453 
0.51 0.964 0.0 0.0 0.0 0.964 0.964 0.453 
0.0 0.453 0.0 0.0 0.0 0.453 0.453 0.453 
primal rank is 3 
1.0 -0.333 -0.333 -0.333 -0.333 -0.333 -0.333 1.0 
-0.333 1.0 -0.333 -0.333 1.0 -0.333 -0.333 -0.333 
-0.333 -0.333 1.0 -0.333 -0.333 -0.333 1.0 -0.333 
-0.333 -0.333 -0.333 1.0 -0.333 1.0 -0.333 -0.333 
-0.333 1.0 -0.333 -0.333 1.0 -0.333 -0.333 -0.333 
-0.333 -0.333 -0.333 1.0 -0.333 1.0 -0.333 -0.333 
-0.333 -0.333 1.0 -0.333 -0.333 -0.333 1.0 -0.333 
1.0 -0.333 -0.333 -0.333 -0.333 -0.333 -0.333 1.0 
dual rank is 5 
2.08 0.889 1.262 0.388 1.19 0.383 1.691 0.435 
0.889 0.889 0.454 0.0 0.0 0.0 0.889 0.435 
1.262 0.454 1.262 0.388 0.807 0.0 0.873 0.0 
0.388 0.0 0.388 0.388 0.388 0.0 0.0 0.0 
1.19 0.0 0.807 0.388 1.19 0.383 0.802 0.0 
0.383 0.0 0.0 0.0 0.383 0.383 0.383 0.0 
1.691 0.889 0.873 0.0 0.802 0.383 1.691 0.435 
0.435 0.435 0.0 0.0 0.0 0.0 0.435 0.435 
primal rank is 3 
1.0 -0.333 -0.333 -0.333 -0.333 -0.333 -0.333 -0.333 
-0.333 1.0 -0.333 -0.333 1.0 -0.333 -0.333 -0.333 
-0.333 -0.333 1.0 -0.333 -0.333 1.0 -0.333 1.0 
-0.333 -0.333 -0.333 1.0 -0.333 -0.333 1.0 -0.333 
-0.333 1.0 -0.333 -0.333 1.0 -0.333 -0.333 -0.333 
-0.333 -0.333 1.0 -0.333 -0.333 1.0 -0.333 1.0 
-0.333 -0.333 -0.333 1.0 -0.333 -0.333 1.0 -0.333 
-0.333 -0.333 1.0 -0.333 -0.333 1.0 -0.333 1.0 
dual rank is 5 
1.68 0.849 1.273 0.414 0.832 1.266 0.407 0.0 
0.849 0.849 0.442 0.0 0.0 0.849 0.407 0.0 
1.273 0.442 1.689 0.414 1.247 1.275 0.0 0.415 
0.414 0.0 0.414 0.414 0.414 0.0 0.0 0.0 
0.832 0.0 1.247 0.414 1.247 0.833 0.0 0.415 
1.266 0.849 1.275 0.0 0.833 1.682 0.407 0.415 
0.407 0.407 0.0 0.0 0.0 0.407 0.407 0.0 
0.0 0.0 0.415 0.0 0.415 0.415 0.0 0.415 
primal rank is 3 
1.0 -0.333 -0.333 -0.333 -0.333 -0.333 -0.333 1.0 
-0.333 1.0 -0.333 -0.333 1.0 -0.333 -0.333 -0.333 
-0.333 -0.333 1.0 -0.333 -0.333 -0.333 1.0 -0.333 
-0.333 -0.333 -0.333 1.0 -0.333 1.0 -0.333 -0.333 
-0.333 1.0 -0.333 -0.333 1.0 -0.333 -0.333 -0.333 
-0.333 -0.333 -0.333 1.0 -0.333 1.0 -0.333 -0.333 
-0.333 -0.333 1.0 -0.333 -0.333 -0.333 1.0 -0.333 
1.0 -0.333 -0.333 -0.333 -0.333 -0.333 -0.333 1.0 
dual rank is 5 
2.223 0.922 0.859 0.438 2.223 0.447 0.864 0.917 
0.922 0.922 0.421 0.0 0.922 0.0 0.0 0.5 
0.859 0.421 0.859 0.438 0.859 0.0 0.0 0.0 
0.438 0.0 0.438 0.438 0.438 0.0 0.0 0.0 
2.223 0.922 0.859 0.438 2.223 0.447 0.864 0.917 
0.447 0.0 0.0 0.0 0.447 0.446 0.446 0.0 
0.864 0.0 0.0 0.0 0.864 0.446 0.864 0.417 
0.917 0.5 0.0 0.0 0.917 0.0 0.417 0.917 
primal rank is 3 
1.0 -0.333 -0.333 -0.333 -0.333 -0.333 -0.333 -0.333 
-0.333 1.0 -0.333 1.0 -0.333 -0.333 1.0 -0.333 
-0.333 -0.333 1.0 -0.333 -0.333 1.0 -0.333 1.0 
-0.333 1.0 -0.333 1.0 -0.333 -0.333 1.0 -0.333 
-0.333 -0.333 -0.333 -0.333 1.0 -0.333 -0.333 -0.333 
-0.333 -0.333 1.0 -0.333 -0.333 1.0 -0.333 1.0 
-0.333 1.0 -0.333 1.0 -0.333 -0.333 1.0 -0.333 
-0.333 -0.333 1.0 -0.333 -0.333 1.0 -0.333 1.0 
dual rank is 5 
2.105 1.566 0.539 1.566 0.539 1.566 0.539 0.0 
1.566 2.105 0.539 1.566 0.0 1.566 0.539 0.539 
0.539 0.539 0.539 0.539 0.0 0.0 0.0 0.0 
1.566 1.566 0.539 2.105 0.539 1.566 0.0 0.539 
0.539 0.0 0.0 0.539 0.539 0.539 0.0 0.0 
1.566 1.566 0.0 1.566 0.539 2.106 0.539 0.539 
0.539 0.539 0.0 0.0 0.0 0.539 0.539 0.0 
0.0 0.539 0.0 0.539 0.0 0.539 0.0 0.539 
primal rank is 3 
1.0 -0.333 -0.333 -0.333 -0.333 -0.333 -0.333 1.0 
-0.333 1.0 -0.333 -0.333 1.0 -0.333 -0.333 -0.333 
-0.333 -0.333 1.0 -0.333 -0.333 1.0 -0.333 -0.333 
-0.333 -0.333 -0.333 1.0 -0.333 -0.333 1.0 -0.333 
-0.333 1.0 -0.333 -0.333 1.0 -0.333 -0.333 -0.333 
-0.333 -0.333 1.0 -0.333 -0.333 1.0 -0.333 -0.333 
-0.333 -0.333 -0.333 1.0 -0.333 -0.333 1.0 -0.333 
1.0 -0.333 -0.333 -0.333 -0.333 -0.333 -0.333 1.0 
dual rank is 1 
0.451 0.451 0.451 0.451 0.0 0.0 0.0 0.0 
0.451 0.451 0.451 0.451 0.0 0.0 0.0 0.0 
0.451 0.451 0.451 0.451 0.0 0.0 0.0 0.0 
0.451 0.451 0.451 0.451 0.0 0.0 0.0 0.0 
0.0 0.0 0.0 0.0 0.0 0.0 0.0 0.0 
0.0 0.0 0.0 0.0 0.0 0.0 0.0 0.0 
0.0 0.0 0.0 0.0 0.0 0.0 0.0 0.0 
0.0 0.0 0.0 0.0 0.0 0.0 0.0 0.0 
primal rank is 7 
1.0 -0.333 -0.333 -0.333 -0.333 -0.333 -0.333 0.553 
-0.333 1.0 -0.333 -0.333 0.28 0.275 -0.333 -0.333 
-0.333 -0.333 1.0 -0.333 0.387 -0.216 0.387 0.114 
-0.333 -0.333 -0.333 1.0 -0.333 0.275 0.28 -0.333 
-0.333 0.28 0.387 -0.333 1.0 -0.333 0.228 -0.333 
-0.333 0.275 -0.216 0.275 -0.333 1.0 -0.333 -0.333 
-0.333 -0.333 0.387 0.28 0.228 -0.333 1.0 -0.333 
0.553 -0.333 0.114 -0.333 -0.333 -0.333 -0.333 1.0 
dual rank is 3 
0.365 0.365 0.365 0.365 0.0 0.0 0.0 0.0 
0.365 1.365 0.365 0.365 0.0 0.0 0.0 0.0 
0.365 0.365 0.365 0.365 0.0 0.0 0.0 0.0 
0.365 0.365 0.365 0.365 0.0 0.0 0.0 0.0 
0.0 0.0 0.0 0.0 1.0 0.0 0.0 0.0 
0.0 0.0 0.0 0.0 0.0 0.0 0.0 0.0 
0.0 0.0 0.0 0.0 0.0 0.0 0.0 0.0 
0.0 0.0 0.0 0.0 0.0 0.0 0.0 0.0 
primal rank is 4 
1.0 -0.333 -0.333 -0.333 -0.333 -0.333 -0.333 1.0 
-0.333 1.0 -0.333 -0.333 1.0 -0.333 -0.333 -0.333 
-0.333 -0.333 1.0 -0.333 -0.333 0.333 0.333 -0.333 
-0.333 -0.333 -0.333 1.0 -0.333 0.333 0.334 -0.333 
-0.333 1.0 -0.333 -0.333 1.0 -0.333 -0.333 -0.333 
-0.333 -0.333 0.333 0.333 -0.333 1.0 -0.333 -0.333 
-0.333 -0.333 0.333 0.334 -0.333 -0.333 1.0 -0.333 
1.0 -0.333 -0.333 -0.333 -0.333 -0.333 -0.333 1.0 
dual rank is 8 
1.624 0.464 0.626 0.44 0.16 0.0 0.184 0.0 
0.464 1.626 0.626 0.28 0.0 0.0 0.345 0.162 
0.626 0.626 1.626 0.626 0.0 0.0 0.0 0.0 
0.44 0.28 0.626 0.625 0.345 0.0 0.0 0.186 
0.16 0.0 0.0 0.345 1.345 0.345 0.0 0.186 
0.0 0.0 0.0 0.0 0.345 1.345 0.345 0.347 
0.184 0.345 0.0 0.0 0.0 0.345 0.345 0.161 
0.0 0.162 0.0 0.186 0.186 0.347 0.161 1.347 
primal rank is 3 
1.0 -0.333 -0.333 -0.333 -0.333 -0.333 -0.333 1.0 
-0.333 1.0 -0.333 -0.333 1.0 -0.333 -0.333 -0.333 
-0.333 -0.333 1.0 -0.333 -0.333 1.0 -0.333 -0.333 
-0.333 -0.333 -0.333 1.0 -0.333 -0.333 1.0 -0.333 
-0.333 1.0 -0.333 -0.333 1.0 -0.333 -0.333 -0.333 
-0.333 -0.333 1.0 -0.333 -0.333 1.0 -0.333 -0.333 
-0.333 -0.333 -0.333 1.0 -0.333 -0.333 1.0 -0.333 
1.0 -0.333 -0.333 -0.333 -0.333 -0.333 -0.333 1.0 
dual rank is 2 
0.0 0.0 0.0 0.0 0.0 0.0 0.0 0.0 
0.0 0.447 0.0 0.0 0.228 0.447 0.219 0.447 
0.0 0.0 0.0 0.0 0.0 0.0 0.0 0.0 
0.0 0.0 0.0 0.0 0.0 0.0 0.0 0.0 
0.0 0.228 0.0 0.0 0.228 0.228 0.0 0.228 
0.0 0.447 0.0 0.0 0.228 0.447 0.219 0.447 
0.0 0.219 0.0 0.0 0.0 0.219 0.219 0.219 
0.0 0.447 0.0 0.0 0.228 0.447 0.219 0.447 
primal rank is 6 
1.0 -0.333 -0.333 -0.333 -0.333 0.201 -0.333 0.466 
-0.333 1.0 -0.333 0.466 -0.333 -0.333 -0.333 -0.333 
-0.333 -0.333 1.0 -0.333 0.495 0.172 0.495 -0.333 
-0.333 0.466 -0.333 1.0 -0.333 0.201 -0.333 -0.333 
-0.333 -0.333 0.495 -0.333 1.0 -0.333 1.0 -0.333 
0.201 -0.333 0.172 0.201 -0.333 1.0 -0.333 -0.333 
-0.333 -0.333 0.495 -0.333 1.0 -0.333 1.0 -0.333 
0.466 -0.333 -0.333 -0.333 -0.333 -0.333 -0.333 1.0 
dual rank is 8 
1.0 0.0 0.245 0.229 0.0 0.0 0.0 0.0 
0.0 0.81 0.15 0.0 0.377 1.039 0.284 0.81 
0.245 0.15 0.245 0.094 0.0 0.0 0.0 0.245 
0.229 0.0 0.094 0.229 0.135 0.0 0.0 0.229 
0.0 0.377 0.0 0.135 1.511 0.756 0.0 0.511 
0.0 1.039 0.0 0.0 0.756 2.04 0.284 1.04 
0.0 0.284 0.0 0.0 0.0 0.284 1.284 0.284 
0.0 0.81 0.245 0.229 0.511 1.04 0.284 1.04 
primal rank is 3 
1.0 -0.333 -0.333 -0.333 -0.333 1.0 -0.333 -0.333 
-0.333 1.0 -0.333 1.0 -0.333 -0.333 -0.333 -0.333 
-0.333 -0.333 1.0 -0.333 1.0 -0.333 1.0 -0.333 
-0.333 1.0 -0.333 1.0 -0.333 -0.333 -0.333 -0.333 
-0.333 -0.333 1.0 -0.333 1.0 -0.333 1.0 -0.333 
1.0 -0.333 -0.333 -0.333 -0.333 1.0 -0.333 -0.333 
-0.333 -0.333 1.0 -0.333 1.0 -0.333 1.0 -0.333 
-0.333 -0.333 -0.333 -0.333 -0.333 -0.333 -0.333 1.0 
dual rank is 2 
0.0 0.0 0.0 0.0 0.0 0.0 0.0 0.0 
0.0 0.352 0.0 0.0 0.352 0.352 0.352 0.0 
0.0 0.0 0.0 0.0 0.0 0.0 0.0 0.0 
0.0 0.0 0.0 0.352 0.352 0.0 0.352 0.352 
0.0 0.352 0.0 0.352 0.704 0.352 0.704 0.352 
0.0 0.352 0.0 0.0 0.352 0.352 0.352 0.0 
0.0 0.352 0.0 0.352 0.704 0.352 0.704 0.352 
0.0 0.0 0.0 0.352 0.352 0.0 0.352 0.352 
primal rank is 6 
1.0 -0.333 -0.333 -0.333 -0.333 0.2 0.467 0.2 
-0.333 1.0 -0.333 0.478 -0.333 -0.333 -0.333 0.189 
-0.333 -0.333 1.0 -0.333 0.467 0.2 -0.333 0.2 
-0.333 0.478 -0.333 1.0 -0.333 0.189 -0.333 -0.333 
-0.333 -0.333 0.467 -0.333 1.0 -0.333 -0.333 -0.333 
0.2 -0.333 0.2 0.189 -0.333 1.0 -0.333 0.478 
0.467 -0.333 -0.333 -0.333 -0.333 -0.333 1.0 -0.333 
0.2 0.189 0.2 -0.333 -0.333 0.478 -0.333 1.0 
dual rank is 7 
1.0 0.0 0.246 0.242 0.0 0.0 0.0 0.0 
0.0 0.782 0.141 0.0 0.641 1.024 0.782 0.0 
0.246 0.141 0.246 0.105 0.0 0.0 0.246 0.0 
0.242 0.0 0.105 0.713 0.608 0.0 0.713 0.471 
0.0 0.641 0.0 0.608 1.249 1.024 1.249 0.471 
0.0 1.024 0.0 0.0 1.024 2.024 1.024 0.0 
0.0 0.782 0.246 0.713 1.249 1.024 1.495 0.471 
0.0 0.0 0.0 0.471 0.471 0.0 0.471 0.47 
primal rank is 3 
1.0 -0.333 -0.333 -0.333 -0.333 1.0 -0.333 1.0 
-0.333 1.0 -0.333 1.0 -0.333 -0.333 -0.333 -0.333 
-0.333 -0.333 1.0 -0.333 1.0 -0.333 -0.333 -0.333 
-0.333 1.0 -0.333 1.0 -0.333 -0.333 -0.333 -0.333 
-0.333 -0.333 1.0 -0.333 1.0 -0.333 -0.333 -0.333 
1.0 -0.333 -0.333 -0.333 -0.333 1.0 -0.333 1.0 
-0.333 -0.333 -0.333 -0.333 -0.333 -0.333 1.0 -0.333 
1.0 -0.333 -0.333 -0.333 -0.333 1.0 -0.333 1.0 
dual rank is 2 
0.0 0.0 0.0 0.0 0.0 0.0 0.0 0.0 
0.0 0.359 0.0 0.0 0.359 0.359 0.359 0.0 
0.0 0.0 0.359 0.359 0.0 0.0 0.359 0.359 
0.0 0.0 0.359 0.359 0.0 0.0 0.359 0.359 
0.0 0.359 0.0 0.0 0.359 0.359 0.359 0.0 
0.0 0.359 0.0 0.0 0.359 0.359 0.359 0.0 
0.0 0.359 0.359 0.359 0.359 0.359 0.718 0.359 
0.0 0.0 0.359 0.359 0.0 0.0 0.359 0.359 
primal rank is 6 
1.0 -0.333 -0.333 -0.333 -0.333 0.194 0.472 0.194 
-0.333 1.0 -0.333 0.479 -0.333 -0.333 -0.333 0.187 
-0.333 -0.333 1.0 -0.333 0.479 0.187 -0.333 -0.333 
-0.333 0.479 -0.333 1.0 -0.333 0.187 -0.333 -0.333 
-0.333 -0.333 0.479 -0.333 1.0 -0.333 -0.333 0.187 
0.194 -0.333 0.187 0.187 -0.333 1.0 -0.333 -0.041 
0.472 -0.333 -0.333 -0.333 -0.333 -0.333 1.0 -0.333 
0.194 0.187 -0.333 -0.333 0.187 -0.041 -0.333 1.0 
dual rank is 7 
1.0 0.0 0.266 0.266 0.0 0.0 0.0 0.0 
0.0 0.832 0.173 0.0 0.66 1.099 0.832 0.0 
0.266 0.173 0.716 0.544 0.0 0.0 0.716 0.45 
0.266 0.0 0.544 0.716 0.173 0.0 0.716 0.45 
0.0 0.66 0.0 0.173 0.832 1.099 0.832 0.0 
0.0 1.099 0.0 0.0 1.099 2.099 1.099 0.0 
0.0 0.832 0.716 0.716 0.832 1.099 1.549 0.45 
0.0 0.0 0.45 0.45 0.0 0.0 0.45 0.45 
primal rank is 3 
1.0 -0.333 -0.333 -0.333 -0.333 1.0 -0.333 1.0 
-0.333 1.0 -0.333 1.0 -0.333 -0.333 -0.333 -0.333 
-0.333 -0.333 1.0 -0.333 1.0 -0.333 -0.333 -0.333 
-0.333 1.0 -0.333 1.0 -0.333 -0.333 -0.333 -0.333 
-0.333 -0.333 1.0 -0.333 1.0 -0.333 -0.333 -0.333 
1.0 -0.333 -0.333 -0.333 -0.333 1.0 -0.333 1.0 
-0.333 -0.333 -0.333 -0.333 -0.333 -0.333 1.0 -0.333 
1.0 -0.333 -0.333 -0.333 -0.333 1.0 -0.333 1.0 
dual rank is 2 
0.32 0.0 0.32 0.32 0.32 0.0 0.0 0.0 
0.0 0.32 0.0 0.0 0.0 0.32 0.32 0.32 
0.32 0.0 0.32 0.32 0.32 0.0 0.0 0.0 
0.32 0.0 0.32 0.32 0.32 0.0 0.0 0.0 
0.32 0.0 0.32 0.32 0.32 0.0 0.0 0.0 
0.0 0.32 0.0 0.0 0.0 0.32 0.32 0.32 
0.0 0.32 0.0 0.0 0.0 0.32 0.32 0.32 
0.0 0.32 0.0 0.0 0.0 0.32 0.32 0.32 
primal rank is 6 
1.0 -0.333 -0.333 -0.333 -0.333 -0.333 0.171 0.495 
-0.333 1.0 -0.333 0.171 0.495 -0.333 -0.333 -0.333 
-0.333 -0.333 1.0 -0.333 -0.333 0.495 0.171 -0.333 
-0.333 0.171 -0.333 1.0 -0.333 0.171 -0.514 0.171 
-0.333 0.495 -0.333 -0.333 1.0 -0.333 0.171 -0.333 
-0.333 -0.333 0.495 0.171 -0.333 1.0 -0.333 -0.333 
0.171 -0.333 0.171 -0.514 0.171 -0.333 1.0 -0.333 
0.495 -0.333 -0.333 0.171 -0.333 -0.333 -0.333 1.0 
dual rank is 7 
0.78 0.0 0.621 1.074 0.78 0.159 0.0 0.0 
0.0 1.382 0.0 0.0 0.0 0.675 0.382 0.675 
0.621 0.0 0.78 1.074 0.78 0.0 0.0 0.159 
1.074 0.0 1.074 2.074 1.074 0.0 0.0 0.0 
0.78 0.0 0.78 1.074 1.074 0.293 0.0 0.294 
0.159 0.675 0.0 0.0 0.293 0.675 0.382 0.516 
0.0 0.382 0.0 0.0 0.0 0.382 0.382 0.382 
0.0 0.675 0.159 0.0 0.294 0.516 0.382 0.675 
primal rank is 3 
1.0 -0.333 -0.333 -0.333 -0.333 -0.333 -0.333 1.0 
-0.333 1.0 -0.333 1.0 -0.333 -0.333 -0.333 -0.333 
-0.333 -0.333 1.0 -0.333 -0.333 1.0 -0.333 -0.333 
-0.333 1.0 -0.333 1.0 -0.333 -0.333 -0.333 -0.333 
-0.333 -0.333 -0.333 -0.333 1.0 -0.333 1.0 -0.333 
-0.333 -0.333 1.0 -0.333 -0.333 1.0 -0.333 -0.333 
-0.333 -0.333 -0.333 -0.333 1.0 -0.333 1.0 -0.333 
1.0 -0.333 -0.333 -0.333 -0.333 -0.333 -0.333 1.0 
